-0.16997302348602794
0.18840267113209205
0.003804465809650064
-0.29597656183028065
0.24700288524554265
-0.44879030730450153
0.4220685571390673
-1.34201520339991
1.0422309421705416
-0.2979625925549116
0.0336494915448473
-1.5432588766794477
0.7277868873701919
0.499084431562677
-1.2453395610923388
1.189100063105484
0.7218967121803991
0.2843075495798979
1.5958158932924285
-1.044021671795313
1.6375588438206317
1.4303930608600928
-0.592107186368691
-0.5961229144573301
0.37686314307962276
-0.10936241602209014
0.6777908426013742
0.6717206972842387
0.10712251777869793
0.605585853558725
1.6322791716007228
-0.9447097403049918
0.8472172116330868
1.0478466360942726
-1.2074311054523703
0.4270199456592379
1.391555169218327
0.008354877037571365
-1.700630024053886
-0.7319747825987505
-0.5651292505919815
-2.147088718359176
-0.818580417862753
2.1075724631902126
0.4574238514068556
0.6357739396552882
-0.8378188381874762
-0.597589957868317
-0.8265630019830341
0.827391838160048
0.613289917914195
0.8493296125146433
0.6169766377091844
0.25246679711765313
-0.47018758871745425
-0.5108030021325013
1.8407168260481663
0.6593615984185618
-0.9713379904233105
1.5510185117082271
0.29045966899029835
-0.4518538711617578
0.34495641473454713
2.659796016137834
1.90341945559346
0.522694220920707
-0.07973238703977492
1.5606173809934387
0.8961972441760561
1.732563493934658
-0.15034087920330874
1.388490205060548
-1.1901595615514688
-1.724801980131103
-0.7093475334389727
0.6924286096421507
0.37248413399364905
-2.9400932652654133
0.695131888411788
0.5708485834961543
0.7115237089761463
0.24524191314781146
2.0710073708979766
-1.3442508830784594
0.5171456419371525
1.8659123208055124
-0.30370290046306164
0.49905801565439967
0.20217316230833468
1.4430649728487375
-0.1369220890419912
-1.27253941726299
0.9435756915698749
0.9477588235320276
0.7724065517825826
-0.332093918240904
-0.9922835287349355
-0.27271867595517385
1.2400863476058208
-0.9909689369428669
-0.42456103550564006
-0.001674999915864064
-1.767926322434212
-0.7421075902750568
-0.5057448020215553
-0.6020773475459487
1.8009857490185288
-0.22122402862316964
0.5619372739356572
0.36684383004947274
1.9366963985709298
-0.1976219588349391
0.06395571922012533
-0.7038413344280438
-1.2878821586575044
-1.432148952999408
-0.3504959243133136
0.9103758306419784
0.31617061475454383
-0.04406758925227329
1.5819515361571266
0.32363554189835625
0.571609288053278
0.9688998635257741
0.5037692901562694
0.2291936528280835
-0.6054593950066849
-0.5020059639970965
-1.684592473185831
-0.6027499904730745
0.4085783129266135
1.2233876822967078
-0.11404453472083607
-0.9263217596700734
2.00113349991124
-0.5072033888099549
0.753667053966395
0.5848567472719993
-0.20242081965696138
0.7520629543342603
1.4326199641655093
-0.9955477897436084
-0.13452183125083625
-0.00016008235027508544
0.9339788929680192
0.8032225730764244
-0.6686751959618416
1.5036113123682175
-0.9450244945821289
2.6069233462088226
0.13643862203019608
1.4318643861428202
0.2582650523660025
0.0970970491846813
0.24103007385058656
1.0476863747148115
0.051599242975634924
0.2941913521259297
0.9122626744880912
-0.744845286952326
-0.34841590358520913
-0.015735793477211203
-2.1607359660287795
-0.7200428015937221
-1.0117645347558437
0.8366090776501498
1.933990441037625
0.8696303053126714
1.5658543867407377
0.3577205255932314
-0.20718326392745173
-1.8661461954251812
1.625475938989214
-1.004381190755823
0.1963058558016148
-0.43681599617383887
-1.9219533414762338
-0.17670246444110155
-0.30823584068503895
-0.43029461595232404
0.20534315212339843
-1.9621463584822978
0.7113042065304843
0.06431695606978516
-0.15848531634496457
0.6956372830487095
-1.7889555002964932
1.589841971580468
-1.203532546021756
-0.5339028741099815
2.4908040637233198
-0.6203934868914686
-0.06427775355166866
0.06517831266547709
0.7256873107262529
-0.14278840213368726
0.790641802700673
0.5680088742654502
-0.9146483196950218
1.4316018583071963
0.3211252087989565
1.8000477406043511
-0.3798535933852825
-0.5368311001948644
1.6146596443023926
1.3799384386983982
-0.8196237020907982
-1.1901339013446235
-0.24783525980340396
-0.1029835643928876
-0.9922658010606059
-0.10220260474030622
-0.46467851740762445
-1.6708197297318121
-0.8147831724024791
0.5554122380102436
-0.35846526435831527
1.347318507577138
1.5179515945574507
-0.9961021460323236
-0.037293619251195065
-2.945609746834362
-0.7542852699252822
0.3061122447741417
-0.1983393895226626
-1.6497277740720715
0.5325929951191712
0.12220524747681992
0.992818091381552
1.2810349201679736
-1.843823831963181
1.539395124809281
-0.07943473054383289
0.8246218394968681
-1.0218119344664238
1.0757954088568251
-1.1337012084467288
-1.1479163736765607
1.6776330796433616
0.2559749665266325
0.4301338862607552
0.9598464562210001
0.41500947539918137
-0.6366395457892035
-1.5136222740633873
-1.198652929863318
0.07240938289189079
-0.5270844251365093
0.759637225609534
1.6703362802368906
-1.1601358113977678
-1.5373284744571554
0.23618490716559137
-0.3832439276639996
-1.1373848169926373
1.1092119035043855
-1.1076026585315741
0.5451789221115607
-1.3720048523346402
-1.4126544901710882
-1.3895946645470736
-0.5138219003737056
-0.11509173364290469
0.6019448558446033
1.5695750624324598
0.5440711891739655
0.5998660388392001
-1.008709754922391
1.0322992692935224
-1.4351710130565936
1.0859329304869154
-1.371602463677757
-0.562028339234924
1.2311562105330482
0.47954785846340575
-0.5962976170813766
1.2005551795516594
-0.16097163746221377
-2.489075602413246
-2.024246353475568
0.10852444305069622
-0.09437899588791106
-1.1279771060908577
-0.4756367049515554
0.5305949373686984
-0.6738051932245227
-0.6980328791626547
0.6962074847031055
0.9598829209053812
1.5511987402539924
0.8349200374857669
0.33575032321050463
-0.03358503013009441
0.4616048103972036
-0.7345871174010986
-0.031278363621184094
-0.6132005878043687
-0.8632919557786115
-0.4261204925920314
1.6529635363825923
1.4906134645756388
-0.3951562749043013
1.1119581029870313
0.9452266121397502
1.922302991674085
0.6980374482781426
-1.8216987481495095
0.5610413873671195
0.1476058038101692
-0.6069533108032078
1.6189371884821686
0.4114991579852243
-0.03621394680914557
1.1251015052098414
-1.1518992015447396
0.42195845309756713
-0.5590380537999151
0.3043845217817305
1.5433699989856926
0.7843327782449124
-0.9946310681668357
-0.806696836612024
0.08381149871653333
1.5587015771541952
-0.35468281393584816
0.27165024162380863
1.1967143679101269
-0.05620258765821843
0.4256567903905119
-0.8994681202125027
2.0542850410557243
-1.0052939214619312
0.2607153416598061
-0.517361430007985
0.07557644985192073
-0.13741314476690106
2.068233158647293
-1.411013607934261
0.07903753177886041
-2.454105474344284
0.7800598677550826
-0.10684920021253569
-0.36548613312742545
-0.49039580360329177
0.9358446885689565
-0.4383479314624567
-0.4600923199563196
0.6801198414066052
0.12021439518594582
-0.6149447166721932
0.49577449797285295
-1.3384845752022476
0.4114102997151636
-0.0012934395607993188
0.2301683313691502
-0.8437949907094938
-0.4932886865626484
2.0731916010730504
-1.6066604623863434
0.3364447855635819
-0.11425139482962267
0.20839877935395335
0.4816311498718182
1.3684221854239143
-1.4748360418640798
-0.36898335874030774
0.48468627292809624
-0.3997811115630536
-1.1121917302699533
-1.2543592582663525
1.539186708808238
-0.7264464449596048
1.325075593597349
0.09794100385609211
-0.0922507961463456
-1.45314680556134
-0.8495521093186759
-0.3444547620128951
2.959270428597067
0.6404690056808224
-0.6407815822522164
-0.005098166974987492
0.49481098165522774
1.3604351883092713
0.8243352062131089
-0.7205697952957896
-1.6494910642224263
-0.6899496507965155
-0.6787473016018579
-0.9188443036200474
0.4752210398667017
-0.5170103300247059
-0.4479551021516788
-1.93158423481112
0.3984409838733464
0.03426767926782409
0.4434764963777854
1.1631776946800423
1.0518862127125999
0.0489831296917277
1.597817158862348
-0.23324343411807735
-0.04841616806323112
-0.43997229098442187
-0.0016550691759065908
-0.1595153618479903
0.9018045704856528
-0.5468914581979389
0.6360167257616303
-1.8816007421935186
-0.25893304460329924
-0.6316100458796385
-2.9120200712390583
-0.11134027429345406
-0.15758150224799555
-2.302105574332018
0.6859643167920305
1.1131028718100966
-1.55556436651374
1.1668227160662021
-0.06331182895613154
-0.8835505573372153
-0.760276026696163
-0.4127849249143363
-0.7958908919098276
-0.39201527257209473
-1.199973297093204
-1.7323281687720062
0.9153239727181813
-0.5853883289686531
-0.7180277544525673
0.18984479265229806
0.07256504420526656
-0.5713376608722113
0.6571427217775782
1.1797305257588286
-0.36126446165095616
-0.09470798229075192
-1.6439855857987855
-0.25072097229351215
-0.5732707337461557
-0.3469851121738169
0.6965085366068712
0.7401711521304488
-2.0338127331959193
-0.010697976677340262
0.5918756216613594
0.823860177358908
1.1013637897882569
0.8043439659052035
-0.05005211755232843
1.7364643474556507
-0.4006545891167864
0.819540175160043
1.8483607934188504
1.1212591195289998
-0.24812251719452907
-0.736084180660992
-0.4703700149541995
-0.5371815049329087
-0.257061165122873
-0.9912555798108614
-0.040203247602732986
0.5334446764908228
-0.70650776375016
-0.6364702828122738
0.1767187638815243
0.437505935460454
-0.5237542748229509
-0.42987618571496417
2.1250053813339327
2.3134171188851793
-0.4498372600713429
-0.4594954086793177
1.3483355053979222
0.5480204548273683
-1.0101448156402029
-0.36831740031614224
0.02799725968563088
0.7162180904011564
0.7267554306873832
-0.5057945476134891
-0.6976876132149694
0.12045050816360389
-0.4906583817542825
-0.6976412296754361
0.5083036117500161
-0.3018927205913584
-0.5518058744254403
-1.189861699492875
0.4313429627646699
-0.8663539784786934
1.7003030846331317
-0.4231265224518255
-0.2676886282101868
-1.1887162783030107
-1.5290164261927837
1.1681523379653331
-0.7891579713808543
